50	51	50	51	52	47	44	37	36	29	22	20	20	18	12	11	9	9	9	9	9	7	6	5
33	36	42	43	41	34	17	20	26	21	14	7	11	10	15	25	50	75	44	39	36	38	46	45
5	7	4	3	2	0	2	3	2	4	5	4	3	3	4	4	4	6	9	14	30	28	38	38
6	7	6	6	8	6	11	8	7	18	12	12	8	6	3	4	5	4	-	10	9	9	8	4
5	3	4	7	5	3	5	12	19	22	27	22	23	15	12	11	16	14	17	27	45	47	52	48
49	53	40	31	32	32	31	48	48	42	45	34	23	21	17	27	33	33	38	50	57	78	45	39
48	54	60	57	46	41	42	47	37	31	29	28	29	33	37	36	37	40	42	44	42	52	47	36
37	36	40	33	28	19	14	19	15	21	12	7	5	4	7	8	6	8	7	6	12	17	25	25
19	16	11	15	16	14	14	14	12	18	15	21	19	22	17	13	9	10	9	7	9	7	5	4
7	6	6	5	4	3	4	7	5	3	6	8	6	-	1	4	8	7	8	13	14	21	17	21
42	40	34	28	32	35	33	33	34	31	30	20	26	20	20	25	17	-	35	54	150	110	-	47
38	31	35	30	27	30	31	37	38	37	30	22	19	22	20	22	22	28	31	38	43	43	51	86
44	40	40	44	38	41	38	38	40	47	54	50	35	29	19	27	30	32	25	29	46	53	54	44
4	5	8	7	8	14	19	26	23	30	27	22	18	11	7	3	7	8	22	14	16	16	10	12
32	36	38	19	19	24	19	22	27	28	32	13	8	7	8	6	6	12	10	13	18	23	25	18
46	42	33	31	37	42	36	30	27	24	24	18	18	19	22	24	36	13	13	13	20	23	26	32
35	30	37	35	30	23	16	16	20	18	18	16	11	10	7	6	7	12	17	18	27	30	34	84
4	4	3	5	7	6	11	7	4	3	5	3	2	1	0	5	8	9	8	10	10	10	8	13
18	16	20	13	17	15	11	11	11	16	20	28	36	63	66	49	51	45	50	51	56	78	75	81
40	38	34	29	31	32	28	20	16	13	13	12	10	7	6	5	3	3	5	4	4	4	2	1
69	64	60	48	50	57	64	58	63	50	32	27	25	22	24	18	10	10	8	17	17	20	16	17
10	8	6	11	8	11	18	20	24	34	37	59	57	29	30	25	26	12	11	9	10	7	6	6
37	53	38	31	29	30	38	33	29	34	39	31	36	32	36	42	49	58	55	50	44	27	24	38
15	14	13	11	8	4	1	3	5	2	1	1	1	2	2	0	4	3	4	5	3	2	5	7
48	70	36	38	35	32	40	27	32	33	15	10	6	3	3	3	6	6	5	7	10	6	7	7
17	17	22	25	27	24	29	28	22	23	22	16	13	17	23	24	22	25	29	31	38	36	35	38
45	36	32	37	32	27	30	38	40	54	50	48	39	38	33	32	30	-	-	30	34	32	37	43
27	31	31	29	30	28	25	23	24	21	26	17	14	17	11	11	11	10	13	19	23	27	33	53
2	7	14	16	24	18	13	18	21	21	23	15	13	8	9	10	9	9	10	15	17	17	14	10
42	36	33	30	31	34	33	35	36	38	40	40	44	51	61	58	55	48	42	41	45	45	46	52
12	11	9	8	7	8	11	14	16	16	17	13	13	11	14	17	17	14	17	21	30	21	28	35